0248070638
0598247463
0548761158
0202074947
0209254607
0596051944
0247634856
0574231256
0550364005
0200183896
0263398774
0208930599
0550416249
0549813317
0247302112
0596237773
0241296567
0545060212
0245477714
0555385503
0256239463
0503169271
0553155114
0242628994
0241533245
0594514552
0539943439
0556505675
0599778322
0209450671
0247039959
0552502862
0558793089
0551462333
0203350097
0205789202
0553566057
0557345278
0551697090
0550836526
0550836526
0557680309
0549322324
0249310914
0201282039
0558854218
0551821972
0266182179
0243505337
0593093941
0541373276
0593949675
0278009956
0541896517
0595486914
0541604955
0245477183
0257490131
0507567473
0207320147
0542473314
0502600560
0558397965
0555112693
0532794735
0553954507
0548385821
0561511720
0544220096
0557370165
0209103205
0593962164
0541983985
0539473412
0242344168
0552421353
0598278726
0592302776
0547975700
0536656446
0552426032
0209879477
0247015202
0556563047
0553843395
0573868419
0593378193
0550099005
0556528954
0506116072
0550014196
0203054000
0554270060
0534451188
0500778038
0597747851
0509376811
0547837744
0547157373
0550021506
0559693827
0540174944
0551456149
0552510128
0242873456
0552227327
0247021084
0598570434
0549210043
0559399234
0553325569
0268541442
0544644462
0592858543
0542939887
0549616216
0244347126
0553886716
0541657596
0279499711
0257753039
0545967029
0543058472
0552697974
0264726983
0575846488
0508796284
0540398098
0544133420
0503776481
0598280819
0594106666
0599652385
0544952558
0203651036
0592902872
0271295806
0549408440
0267804854
0548412073
0552735396
0597718538
0558733831
0242521864
0501791824
0547134720
0543281077
0551026510
0541222436
0544803588
0242799303
0542740466
0278789196
0208535072
0201658233
0502347596
0545840151
0269738597
0554782912
0542124836
0272634123
0207136544
0256236755
0598441108
0501748034
0543386905
0591890494
0544833563
0554423405
0543793767
0598039505
0246471676
0554442568
0509090102
0543985479
0591518663
0599050171
0245060787
0545293591
0557489292
0571403172
0552166229
0505573845
0205053572
0547675472
0203046254
0247294472
0552830287
0552212353
0506663947
0555184271
0279854860
0245860243
0550678252
0245009734
0596118525
0548451897
0539962547
0597229797
0535664519
0598381166
0269214896
0540344681
0537490220
020076962
0592107040
0555423991
0591772325
0558658473
0552973007
0558477891
0559155997
0591758044
0241357786
0557861357
0503703184
0257090903
0247582038
0558664172
0200771575
0207141660
0543989112
0501947554
0274392873
0592187172
0202693322
0594082356
0244578626
0531143843
0246073603
0266227226
0554270683
0548362765
0208527852
0596621376
0246278152
0535379051
0597098084
0594044357
0533069896
0538508580
0592123002
0548866266
0591948861
0558784178
0505617615
0592864421
0541651837
0544663946
0557374396
0593998268
0207162806
0552794958
0595056039
0546591110
0537455874
0543024840
0500362315
0548655308
0532533280
0596016264
0242346995
0547547857
0552027022
0546549780
0279760684
0592721184
0558351219
0203807889
0532339282
0593654416
0245248063
0548758232
0508355564
0248032496
0509401935
0208080512
0207493140
0208298623
0535384449
0543535060
0561978965
0594067929
0591805593
0240437178
0534916815
0554386513
0549497874
0557741026
0595231348
0559582773
0248268228
0552226348
0532546370
0548525298
0274331657
0551495478
0202529318
0547873435
0256383132
0248752482
0245970348
0247771148
0241866917
0591638483
0249940184
0540390805
0202627517
0559723629
0593582866
0553344638
0551727379
0596351079
0558362255
0557208212
0541758864
0540502019
0503323953
0559944635
0507282133
0500774573
0246319081
0543136825
0553563055
0246159475
0554486038
0597201010
0256663191
0241618774
0201919459
0550582984
0577897693
0256245022
0279712867
0596651122
0559293746
0542431609
0558327935
0537944273
0248296058
0203317402
0201991508
0208898613
0535172298
0550025203
0509749608
0205820459
0203720393
0505366799
0244706131
0545496597
0543466136
0554366025
0596551565
0500975396
0502861699
0543880993
0509369396
0548185895
0533995273
0507706998
0543718753
0559290305
0265043599
0539966720
0245744413
0552236477
0208831676
0555021809
0545562771
0598653741
0248569930
0551901376
0571850388
0206099481
0507221283
0552315564
0592674721
0502003239
0550094997
0550608035
0559351585
0551342674
0550488672
0543583834
0541935106
0207279480
0548108534
0551122267
0547898663
0545729762
0205639705
0551714961
0246609301
0240469789
0245960370
0535339190
0502654228
0256329958
0544286077
0546050393
0558447347
0544004836
0508631530
0500781117
0207493140
0506966611
0208201972
0245833805
0550109419
0200131931
0509149920
0240233656
0503593873
0202032360
0200109476
0506873031
0579479318
0205008713
0548770056
0553684010
0599287577
0595305856
0240964804
0550014196
0502636019
0548362765
0545293591
0546050393
0540799201
0598753054
0547748707
0557771611
0244080242
0246567119
0551430353
0594819890
0243119359
0559565431
0538972101
0549513056
0247740187
0248466740
0549549104
0505364145
0551227563
0244035204
0544755099
0553983626
0559900204
0262552414
0243388300
0543959990
0547559429
0206949870
0550443080
0505583309
0549700732
0247925633
0598097175
0242548861
0553867007
0557573114
0549871210
0200131931
0553533450
0248554551
0599611466
0546299409
0246744787
0508116205
0509389075
0544023722
0596376757
0542539528
0244836729
0246309158
0599378749
0249843997
0203773910
0559411116
0553063266
0551474577
0243552960
0533989284
0552709619
0209324996
0534472198
0268856731
0555330709
0241212052
0591759563
0540343325
0554655902
0244514738
0541106667
0557455550
0550633936
0550379333
0559967012
0550149198
0544028746
0265392761
0547837758
0246609301
0506394220
0248543245
0507473283
0544717451
0270902137
0556789107
0541345732
0200802850
0555211901
0549920890
0200228867
0557349341
0268570681
0546188066
0509907828
0201989811
0208101049
0591435014
0554794230
0553047087
0554540262
0552647221
0248267511
0592945227
0209043654
0546659937
0542978073
0504541247
0598370210
0204991590
0248451938
0562319492
0541074635
0556698840
0542311104
0553654047
0558192190
0596896211
0530032087
0204485337
0591890494
0200843405
0500136564
0549502918
0554169873
0274931157
0505926973
0552606390
0557352745
0557213305
0597703878
0241287395
0200251837
0573505100
0594195572
0559054020
0204131016
0277095457
0548205502
0544769975
0552968721
0500393460
0545988130
0276011006
0542777558
0550431424
0241501797
0273428010
0551493552
0556671263
0545279423
0505364145
0574689541
0201852047
0241293106
0509582653
0551471379
0209333473
0595213018
0558200374
0203543992
0595127018
0508709306
0509519063
0504951965
0543023476
0597364807
0558582528
0275281061
0208379411
0593994077
0551187958
0256339625
0596041152
0557041178
0244516543
0547786007
0508610205
0206329339
0536350081
0202464482
0556215394
0246055863
0241103865
0549490502
0557457646
0245163216
0553246659
0553865344
0543709122
0596344025
0591417088
0558390814
0500014203
0591518522
0543403327
0550649446
0558001044
0554602711
0261549098
0595782679
0553557965
0257444229
0542995675
0595232815
0272986415
0277348794
0509396189
0552606743
0591825506
0555220874
0542044194
0549606601
0559006464
0265944504
0505425997
0593883106
0555854835
0553474939
0598342102
0275699045
0591126814
0557052814
0547444038
0245907587
0595372207
0544587130
0506766039
0591291155
0201661433
0241625253
0595244960
0555491189
0205373473
0548869434
0555480273
0277634210
0268518232
0551792934
0552496236
0553172922
0548728456
0206567428
0554046527
0547300150
0559016759
0548900997
0257615027
0559038113
0549191066
0247637488
0556474298
0536568855
0552261839
0598922253
0551406659
0597873821
0592196774
0552421189
0595013988
0547966063
0552421190
0543045416
0547445504
0594863833
0542315442
0598921375
0548948176
0555409485
0262462458
0200569796
0550364005
0202720557
0257753039
0591363238
0595014846
0598842248
0509389075
0201686717
0509558032
0502654228
0554903847